# Diff Summary

Date : 2024-02-19 22:30:07

Directory /home/voron/Web/Work/Other/Сергей сайты/amanita

Total : 18 files,  5195 codes, 15 comments, 86 blanks, all 5296 lines

[Summary](results.md) / [Details](details.md) / Diff Summary / [Diff Details](diff-details.md)

## Languages
| language | files | code | comment | blank | total |
| :--- | ---: | ---: | ---: | ---: | ---: |
| HTML | 10 | 4,263 | -2 | 47 | 4,308 |
| SCSS | 2 | 435 | 15 | 20 | 470 |
| CSS | 1 | 406 | 0 | 4 | 410 |
| JavaScript | 5 | 91 | 2 | 15 | 108 |

## Directories
| path | files | code | comment | blank | total |
| :--- | ---: | ---: | ---: | ---: | ---: |
| . | 18 | 5,195 | 15 | 86 | 5,296 |
| . (Files) | 10 | 4,263 | -2 | 47 | 4,308 |
| css | 1 | 406 | 0 | 4 | 410 |
| js | 5 | 91 | 2 | 15 | 108 |
| source | 2 | 435 | 15 | 20 | 470 |

[Summary](results.md) / [Details](details.md) / Diff Summary / [Diff Details](diff-details.md)